
Iteration	Status	mu_mandani	Input
1	NAN	[0.00 1.00 0.00 0.00]	[109 24 87 9 3]	Maintain
2	Cool	[0.00 0.00 1.00 0.00]	[65 14 113 10 10]	Hard
3	NAN	[0.00 1.00 0.00 0.00]	[69 25 138 0 6]	Maintain
4	NAN	[0.00 1.00 0.00 0.00]	[68 16 135 6 10]	Maintain
5	NAN	[0.00 1.00 0.00 0.00]	[100 10 131 9 4]	Maintain
6	Cool	[0.00 0.00 0.50 0.25]	[106 21 103 3 -7]	Hard
7	NAN	[0.00 1.00 0.00 0.00]	[103 10 96 -10 -8]	Maintain
8	NAN	[0.00 1.00 0.00 0.00]	[110 21 99 9 -10]	Maintain
9	Cool	[0.00 0.00 0.50 0.25]	[86 16 126 6 -7]	Hard
10	Cool	[0.00 0.00 0.50 0.25]	[89 17 119 4 5]	Hard